99.95 99.89 99.84 99.79 99.74 99.68 99.63 99.58 99.53 99.48 99.43 99.38 99.33 99.28 99.23 99.18 99.13 99.09 99.04 99.00 98.95 98.91 98.86 98.82 98.78 98.74 98.70 98.66 98.62 98.59 98.55 98.52 98.48 98.45 98.42 98.39 98.35 98.33 98.30 98.27 98.24 98.22 98.19 98.17 98.14 98.12 98.10 98.08 98.06 98.04 98.02 98.00 97.99 97.97 97.96 97.94 97.93 97.91 97.90 97.89 97.88 97.87 97.86 97.85 97.84 97.83 97.82 97.81 97.80 97.80 97.79 97.78 97.78 97.77 97.77 97.76 97.76 97.75 97.75 97.75 97.74 97.74 97.74 97.73 97.73 97.73 97.72 97.72 97.72 97.72 97.72 97.72 97.71 97.71 97.71 97.71 97.71 97.71 97.71 97.71 97.71 97.70 97.70 97.70 97.70 97.70 97.70 97.70 97.70 97.70 97.70 97.70 97.70 97.70 97.70 97.70 97.70 97.70 97.70 97.70 97.70 97.70 97.70 97.70 97.70 97.70 97.70 97.70 97.70 97.70 97.70 97.70 97.70 97.70 97.70 97.70 97.70 97.70 97.70 97.70 97.70 97.70 97.70 97.70 97.70 97.70 97.70 97.70 97.70 97.70 97.70 97.70 97.70 97.70 97.70 97.71 97.71 97.71 97.71 97.71 97.71 97.71 97.71 97.71 97.72 97.72 97.72 97.72 97.72 97.72 97.73 97.73 97.73 97.74 97.74 97.74 97.75 97.75 97.75 97.76 97.76 97.77 97.77 97.78 97.78 97.79 97.80 97.80 97.81 97.82 97.83 97.84 97.85 97.86 97.87 97.88 97.89 97.90 97.91 97.93 97.94 97.96 97.97 97.99 98.00 98.02 98.04 98.06 98.08 98.10 98.12 98.14 98.17 98.19 98.22 98.24 98.27 98.30 98.33 98.35 98.39 98.42 98.45 98.48 98.52 98.55 98.59 98.62 98.66 98.70 98.74 98.78 98.82 98.86 98.91 98.95 99.00 99.04 99.09 99.13 99.18 99.23 99.28 99.33 99.38 99.43 99.48 99.53 99.58 99.63 99.68 99.74 99.79 99.84 99.89 99.95 
99.89 99.79 99.68 99.58 99.47 99.37 99.26 99.16 99.06 98.95 98.85 98.75 98.65 98.56 98.46 98.36 98.27 98.17 98.08 97.99 97.90 97.82 97.73 97.65 97.56 97.48 97.40 97.33 97.25 97.18 97.10 97.03 96.97 96.90 96.83 96.77 96.71 96.65 96.59 96.54 96.49 96.43 96.38 96.34 96.29 96.24 96.20 96.16 96.12 96.08 96.05 96.01 95.98 95.94 95.91 95.88 95.86 95.83 95.80 95.78 95.76 95.73 95.71 95.69 95.68 95.66 95.64 95.63 95.61 95.60 95.58 95.57 95.56 95.55 95.54 95.53 95.52 95.51 95.50 95.49 95.49 95.48 95.47 95.47 95.46 95.46 95.45 95.45 95.44 95.44 95.44 95.43 95.43 95.43 95.42 95.42 95.42 95.42 95.42 95.41 95.41 95.41 95.41 95.41 95.41 95.41 95.41 95.40 95.40 95.40 95.40 95.40 95.40 95.40 95.40 95.40 95.40 95.40 95.40 95.40 95.40 95.40 95.40 95.40 95.40 95.40 95.40 95.40 95.40 95.40 95.40 95.40 95.40 95.40 95.40 95.40 95.40 95.40 95.40 95.40 95.40 95.40 95.40 95.40 95.40 95.40 95.40 95.40 95.40 95.41 95.41 95.41 95.41 95.41 95.41 95.41 95.41 95.42 95.42 95.42 95.42 95.42 95.43 95.43 95.43 95.44 95.44 95.44 95.45 95.45 95.46 95.46 95.47 95.47 95.48 95.49 95.49 95.50 95.51 95.52 95.53 95.54 95.55 95.56 95.57 95.58 95.60 95.61 95.63 95.64 95.66 95.68 95.69 95.71 95.73 95.76 95.78 95.80 95.83 95.86 95.88 95.91 95.94 95.98 96.01 96.05 96.08 96.12 96.16 96.20 96.24 96.29 96.34 96.38 96.43 96.49 96.54 96.59 96.65 96.71 96.77 96.83 96.90 96.97 97.03 97.10 97.18 97.25 97.33 97.40 97.48 97.56 97.65 97.73 97.82 97.90 97.99 98.08 98.17 98.27 98.36 98.46 98.56 98.65 98.75 98.85 98.95 99.06 99.16 99.26 99.37 99.47 99.58 99.68 99.79 99.89 
99.84 99.68 99.52 99.37 99.21 99.05 98.90 98.74 98.59 98.43 98.28 98.13 97.98 97.83 97.69 97.54 97.40 97.26 97.13 96.99 96.86 96.73 96.60 96.47 96.35 96.23 96.11 95.99 95.88 95.77 95.66 95.55 95.45 95.35 95.26 95.16 95.07 94.98 94.90 94.81 94.73 94.65 94.58 94.51 94.44 94.37 94.31 94.24 94.18 94.13 94.07 94.02 93.97 93.92 93.88 93.83 93.79 93.75 93.71 93.67 93.64 93.61 93.58 93.55 93.52 93.49 93.47 93.44 93.42 93.40 93.38 93.36 93.34 93.32 93.31 93.29 93.28 93.27 93.26 93.24 93.23 93.22 93.21 93.21 93.20 93.19 93.18 93.18 93.17 93.16 93.16 93.15 93.15 93.15 93.14 93.14 93.13 93.13 93.13 93.13 93.12 93.12 93.12 93.12 93.12 93.11 93.11 93.11 93.11 93.11 93.11 93.11 93.11 93.11 93.11 93.11 93.10 93.10 93.10 93.10 93.10 93.10 93.10 93.10 93.10 93.10 93.10 93.10 93.10 93.10 93.10 93.10 93.10 93.10 93.10 93.10 93.10 93.10 93.10 93.10 93.11 93.11 93.11 93.11 93.11 93.11 93.11 93.11 93.11 93.11 93.11 93.12 93.12 93.12 93.12 93.12 93.13 93.13 93.13 93.13 93.14 93.14 93.15 93.15 93.15 93.16 93.16 93.17 93.18 93.18 93.19 93.20 93.21 93.21 93.22 93.23 93.24 93.26 93.27 93.28 93.29 93.31 93.32 93.34 93.36 93.38 93.40 93.42 93.44 93.47 93.49 93.52 93.55 93.58 93.61 93.64 93.67 93.71 93.75 93.79 93.83 93.88 93.92 93.97 94.02 94.07 94.13 94.18 94.24 94.31 94.37 94.44 94.51 94.58 94.65 94.73 94.81 94.90 94.98 95.07 95.16 95.26 95.35 95.45 95.55 95.66 95.77 95.88 95.99 96.11 96.23 96.35 96.47 96.60 96.73 96.86 96.99 97.13 97.26 97.40 97.54 97.69 97.83 97.98 98.13 98.28 98.43 98.59 98.74 98.90 99.05 99.21 99.37 99.52 99.68 99.84 
99.79 99.58 99.37 99.16 98.95 98.74 98.53 98.32 98.12 97.91 97.71 97.51 97.31 97.12 96.92 96.73 96.54 96.35 96.17 95.99 95.81 95.64 95.47 95.30 95.13 94.97 94.81 94.66 94.51 94.36 94.22 94.08 93.94 93.81 93.68 93.55 93.43 93.32 93.20 93.09 92.98 92.88 92.78 92.68 92.59 92.50 92.42 92.33 92.25 92.18 92.10 92.03 91.97 91.90 91.84 91.78 91.73 91.67 91.62 91.57 91.53 91.48 91.44 91.40 91.37 91.33 91.30 91.26 91.23 91.21 91.18 91.15 91.13 91.11 91.09 91.07 91.05 91.03 91.02 91.00 90.99 90.97 90.96 90.95 90.94 90.93 90.92 90.91 90.90 90.89 90.89 90.88 90.87 90.87 90.86 90.86 90.86 90.85 90.85 90.84 90.84 90.84 90.84 90.83 90.83 90.83 90.83 90.83 90.82 90.82 90.82 90.82 90.82 90.82 90.82 90.82 90.82 90.81 90.81 90.81 90.81 90.81 90.81 90.81 90.81 90.81 90.81 90.81 90.81 90.81 90.81 90.81 90.81 90.81 90.81 90.81 90.81 90.81 90.81 90.82 90.82 90.82 90.82 90.82 90.82 90.82 90.82 90.82 90.83 90.83 90.83 90.83 90.83 90.84 90.84 90.84 90.84 90.85 90.85 90.86 90.86 90.86 90.87 90.87 90.88 90.89 90.89 90.90 90.91 90.92 90.93 90.94 90.95 90.96 90.97 90.99 91.00 91.02 91.03 91.05 91.07 91.09 91.11 91.13 91.15 91.18 91.21 91.23 91.26 91.30 91.33 91.37 91.40 91.44 91.48 91.53 91.57 91.62 91.67 91.73 91.78 91.84 91.90 91.97 92.03 92.10 92.18 92.25 92.33 92.42 92.50 92.59 92.68 92.78 92.88 92.98 93.09 93.20 93.32 93.43 93.55 93.68 93.81 93.94 94.08 94.22 94.36 94.51 94.66 94.81 94.97 95.13 95.30 95.47 95.64 95.81 95.99 96.17 96.35 96.54 96.73 96.92 97.12 97.31 97.51 97.71 97.91 98.12 98.32 98.53 98.74 98.95 99.16 99.37 99.58 99.79 
99.74 99.47 99.21 98.95 98.68 98.42 98.16 97.90 97.65 97.39 97.14 96.89 96.64 96.40 96.16 95.92 95.68 95.45 95.22 94.99 94.77 94.55 94.34 94.13 93.92 93.72 93.53 93.33 93.14 92.96 92.78 92.61 92.44 92.27 92.11 91.95 91.80 91.65 91.51 91.37 91.24 91.11 90.99 90.87 90.75 90.64 90.53 90.43 90.33 90.23 90.14 90.06 89.97 89.89 89.81 89.74 89.67 89.60 89.54 89.48 89.42 89.37 89.32 89.27 89.22 89.18 89.13 89.09 89.06 89.02 88.99 88.96 88.93 88.90 88.87 88.85 88.83 88.80 88.78 88.76 88.75 88.73 88.71 88.70 88.69 88.67 88.66 88.65 88.64 88.63 88.62 88.62 88.61 88.60 88.59 88.59 88.58 88.58 88.57 88.57 88.57 88.56 88.56 88.56 88.55 88.55 88.55 88.55 88.54 88.54 88.54 88.54 88.54 88.54 88.54 88.53 88.53 88.53 88.53 88.53 88.53 88.53 88.53 88.53 88.53 88.53 88.53 88.53 88.53 88.53 88.53 88.53 88.53 88.53 88.53 88.53 88.53 88.53 88.53 88.53 88.53 88.54 88.54 88.54 88.54 88.54 88.54 88.54 88.55 88.55 88.55 88.55 88.56 88.56 88.56 88.57 88.57 88.57 88.58 88.58 88.59 88.59 88.60 88.61 88.62 88.62 88.63 88.64 88.65 88.66 88.67 88.69 88.70 88.71 88.73 88.75 88.76 88.78 88.80 88.83 88.85 88.87 88.90 88.93 88.96 88.99 89.02 89.06 89.09 89.13 89.18 89.22 89.27 89.32 89.37 89.42 89.48 89.54 89.60 89.67 89.74 89.81 89.89 89.97 90.06 90.14 90.23 90.33 90.43 90.53 90.64 90.75 90.87 90.99 91.11 91.24 91.37 91.51 91.65 91.80 91.95 92.11 92.27 92.44 92.61 92.78 92.96 93.14 93.33 93.53 93.72 93.92 94.13 94.34 94.55 94.77 94.99 95.22 95.45 95.68 95.92 96.16 96.40 96.64 96.89 97.14 97.39 97.65 97.90 98.16 98.42 98.68 98.95 99.21 99.47 99.74 
99.68 99.37 99.05 98.74 98.42 98.11 97.80 97.49 97.18 96.88 96.57 96.27 95.98 95.68 95.39 95.11 94.83 94.55 94.27 94.00 93.74 93.47 93.22 92.97 92.72 92.48 92.24 92.01 91.79 91.57 91.35 91.14 90.94 90.74 90.55 90.36 90.18 90.00 89.83 89.66 89.50 89.35 89.20 89.06 88.92 88.78 88.66 88.53 88.41 88.30 88.19 88.08 87.98 87.89 87.80 87.71 87.62 87.54 87.47 87.40 87.33 87.26 87.20 87.14 87.08 87.03 86.98 86.93 86.89 86.85 86.81 86.77 86.73 86.70 86.67 86.64 86.61 86.59 86.56 86.54 86.52 86.50 86.48 86.46 86.44 86.43 86.42 86.40 86.39 86.38 86.37 86.36 86.35 86.34 86.33 86.33 86.32 86.31 86.31 86.30 86.30 86.29 86.29 86.29 86.28 86.28 86.28 86.28 86.27 86.27 86.27 86.27 86.27 86.26 86.26 86.26 86.26 86.26 86.26 86.26 86.26 86.26 86.26 86.26 86.26 86.26 86.26 86.26 86.26 86.26 86.26 86.26 86.26 86.26 86.26 86.26 86.26 86.26 86.26 86.26 86.26 86.26 86.26 86.27 86.27 86.27 86.27 86.27 86.28 86.28 86.28 86.28 86.29 86.29 86.29 86.30 86.30 86.31 86.31 86.32 86.33 86.33 86.34 86.35 86.36 86.37 86.38 86.39 86.40 86.42 86.43 86.44 86.46 86.48 86.50 86.52 86.54 86.56 86.59 86.61 86.64 86.67 86.70 86.73 86.77 86.81 86.85 86.89 86.93 86.98 87.03 87.08 87.14 87.20 87.26 87.33 87.40 87.47 87.54 87.62 87.71 87.80 87.89 87.98 88.08 88.19 88.30 88.41 88.53 88.66 88.78 88.92 89.06 89.20 89.35 89.50 89.66 89.83 90.00 90.18 90.36 90.55 90.74 90.94 91.14 91.35 91.57 91.79 92.01 92.24 92.48 92.72 92.97 93.22 93.47 93.74 94.00 94.27 94.55 94.83 95.11 95.39 95.68 95.98 96.27 96.57 96.88 97.18 97.49 97.80 98.11 98.42 98.74 99.05 99.37 99.68 
99.63 99.26 98.90 98.53 98.16 97.80 97.44 97.08 96.72 96.36 96.01 95.66 95.32 94.97 94.64 94.30 93.97 93.65 93.33 93.01 92.71 92.40 92.10 91.81 91.52 91.24 90.97 90.70 90.43 90.18 89.93 89.68 89.45 89.21 88.99 88.77 88.56 88.35 88.16 87.96 87.78 87.60 87.42 87.26 87.09 86.94 86.79 86.64 86.51 86.37 86.25 86.12 86.01 85.89 85.79 85.69 85.59 85.49 85.41 85.32 85.24 85.16 85.09 85.02 84.96 84.90 84.84 84.78 84.73 84.68 84.63 84.59 84.55 84.51 84.47 84.44 84.41 84.38 84.35 84.32 84.30 84.27 84.25 84.23 84.21 84.20 84.18 84.16 84.15 84.14 84.13 84.11 84.10 84.09 84.09 84.08 84.07 84.06 84.06 84.05 84.04 84.04 84.03 84.03 84.03 84.02 84.02 84.02 84.01 84.01 84.01 84.01 84.01 84.00 84.00 84.00 84.00 84.00 84.00 84.00 84.00 84.00 84.00 83.99 83.99 83.99 83.99 83.99 83.99 83.99 83.99 83.99 83.99 84.00 84.00 84.00 84.00 84.00 84.00 84.00 84.00 84.00 84.00 84.01 84.01 84.01 84.01 84.01 84.02 84.02 84.02 84.03 84.03 84.03 84.04 84.04 84.05 84.06 84.06 84.07 84.08 84.09 84.09 84.10 84.11 84.13 84.14 84.15 84.16 84.18 84.20 84.21 84.23 84.25 84.27 84.30 84.32 84.35 84.38 84.41 84.44 84.47 84.51 84.55 84.59 84.63 84.68 84.73 84.78 84.84 84.90 84.96 85.02 85.09 85.16 85.24 85.32 85.41 85.49 85.59 85.69 85.79 85.89 86.01 86.12 86.25 86.37 86.51 86.64 86.79 86.94 87.09 87.26 87.42 87.60 87.78 87.96 88.16 88.35 88.56 88.77 88.99 89.21 89.45 89.68 89.93 90.18 90.43 90.70 90.97 91.24 91.52 91.81 92.10 92.40 92.71 93.01 93.33 93.65 93.97 94.30 94.64 94.97 95.32 95.66 96.01 96.36 96.72 97.08 97.44 97.80 98.16 98.53 98.90 99.26 99.63 
99.58 99.16 98.74 98.32 97.90 97.49 97.08 96.67 96.26 95.85 95.45 95.05 94.66 94.27 93.88 93.50 93.13 92.76 92.39 92.03 91.68 91.33 90.99 90.66 90.33 90.01 89.70 89.39 89.09 88.80 88.51 88.23 87.96 87.70 87.44 87.19 86.95 86.72 86.49 86.27 86.06 85.85 85.66 85.47 85.28 85.10 84.93 84.77 84.61 84.46 84.31 84.17 84.04 83.91 83.79 83.67 83.56 83.46 83.36 83.26 83.17 83.08 83.00 82.92 82.85 82.77 82.71 82.65 82.59 82.53 82.48 82.43 82.38 82.33 82.29 82.25 82.22 82.18 82.15 82.12 82.09 82.07 82.04 82.02 82.00 81.98 81.96 81.94 81.92 81.91 81.90 81.88 81.87 81.86 81.85 81.84 81.83 81.82 81.82 81.81 81.80 81.80 81.79 81.79 81.78 81.78 81.77 81.77 81.77 81.77 81.76 81.76 81.76 81.76 81.75 81.75 81.75 81.75 81.75 81.75 81.75 81.75 81.75 81.75 81.75 81.75 81.75 81.75 81.75 81.75 81.75 81.75 81.75 81.75 81.75 81.75 81.75 81.75 81.75 81.75 81.75 81.75 81.76 81.76 81.76 81.76 81.77 81.77 81.77 81.77 81.78 81.78 81.79 81.79 81.80 81.80 81.81 81.82 81.82 81.83 81.84 81.85 81.86 81.87 81.88 81.90 81.91 81.92 81.94 81.96 81.98 82.00 82.02 82.04 82.07 82.09 82.12 82.15 82.18 82.22 82.25 82.29 82.33 82.38 82.43 82.48 82.53 82.59 82.65 82.71 82.77 82.85 82.92 83.00 83.08 83.17 83.26 83.36 83.46 83.56 83.67 83.79 83.91 84.04 84.17 84.31 84.46 84.61 84.77 84.93 85.10 85.28 85.47 85.66 85.85 86.06 86.27 86.49 86.72 86.95 87.19 87.44 87.70 87.96 88.23 88.51 88.80 89.09 89.39 89.70 90.01 90.33 90.66 90.99 91.33 91.68 92.03 92.39 92.76 93.13 93.50 93.88 94.27 94.66 95.05 95.45 95.85 96.26 96.67 97.08 97.49 97.90 98.32 98.74 99.16 99.58 
99.53 99.06 98.59 98.12 97.65 97.18 96.72 96.26 95.80 95.34 94.89 94.45 94.00 93.57 93.13 92.71 92.29 91.87 91.46 91.06 90.66 90.27 89.89 89.52 89.15 88.79 88.44 88.09 87.75 87.43 87.11 86.79 86.49 86.19 85.91 85.63 85.36 85.09 84.84 84.59 84.35 84.12 83.90 83.69 83.48 83.28 83.09 82.90 82.73 82.56 82.39 82.24 82.09 81.94 81.81 81.68 81.55 81.43 81.32 81.21 81.11 81.01 80.92 80.83 80.75 80.67 80.59 80.52 80.45 80.39 80.33 80.28 80.22 80.17 80.13 80.08 80.04 80.00 79.97 79.93 79.90 79.87 79.84 79.82 79.79 79.77 79.75 79.73 79.71 79.70 79.68 79.67 79.65 79.64 79.63 79.62 79.61 79.60 79.59 79.58 79.58 79.57 79.56 79.56 79.55 79.55 79.54 79.54 79.54 79.53 79.53 79.53 79.53 79.52 79.52 79.52 79.52 79.52 79.52 79.52 79.51 79.51 79.51 79.51 79.51 79.51 79.51 79.51 79.51 79.51 79.51 79.51 79.51 79.51 79.51 79.51 79.52 79.52 79.52 79.52 79.52 79.52 79.52 79.53 79.53 79.53 79.53 79.54 79.54 79.54 79.55 79.55 79.56 79.56 79.57 79.58 79.58 79.59 79.60 79.61 79.62 79.63 79.64 79.65 79.67 79.68 79.70 79.71 79.73 79.75 79.77 79.79 79.82 79.84 79.87 79.90 79.93 79.97 80.00 80.04 80.08 80.13 80.17 80.22 80.28 80.33 80.39 80.45 80.52 80.59 80.67 80.75 80.83 80.92 81.01 81.11 81.21 81.32 81.43 81.55 81.68 81.81 81.94 82.09 82.24 82.39 82.56 82.73 82.90 83.09 83.28 83.48 83.69 83.90 84.12 84.35 84.59 84.84 85.09 85.36 85.63 85.91 86.19 86.49 86.79 87.11 87.43 87.75 88.09 88.44 88.79 89.15 89.52 89.89 90.27 90.66 91.06 91.46 91.87 92.29 92.71 93.13 93.57 94.00 94.45 94.89 95.34 95.80 96.26 96.72 97.18 97.65 98.12 98.59 99.06 99.53 
99.48 98.95 98.43 97.91 97.39 96.88 96.36 95.85 95.34 94.84 94.34 93.85 93.36 92.87 92.39 91.92 91.45 90.99 90.54 90.09 89.65 89.22 88.80 88.38 87.97 87.57 87.18 86.80 86.43 86.07 85.71 85.36 85.03 84.70 84.38 84.07 83.77 83.48 83.20 82.92 82.66 82.41 82.16 81.92 81.69 81.47 81.26 81.05 80.86 80.67 80.49 80.31 80.15 79.99 79.84 79.69 79.55 79.42 79.30 79.18 79.06 78.96 78.85 78.75 78.66 78.57 78.49 78.41 78.34 78.27 78.20 78.14 78.08 78.03 77.98 77.93 77.88 77.84 77.80 77.76 77.73 77.69 77.66 77.63 77.61 77.58 77.56 77.54 77.52 77.50 77.48 77.46 77.45 77.44 77.42 77.41 77.40 77.39 77.38 77.37 77.37 77.36 77.35 77.35 77.34 77.34 77.33 77.33 77.32 77.32 77.32 77.31 77.31 77.31 77.31 77.30 77.30 77.30 77.30 77.30 77.30 77.30 77.30 77.30 77.30 77.29 77.29 77.29 77.29 77.29 77.29 77.30 77.30 77.30 77.30 77.30 77.30 77.30 77.30 77.30 77.30 77.31 77.31 77.31 77.31 77.32 77.32 77.32 77.33 77.33 77.34 77.34 77.35 77.35 77.36 77.37 77.37 77.38 77.39 77.40 77.41 77.42 77.44 77.45 77.46 77.48 77.50 77.52 77.54 77.56 77.58 77.61 77.63 77.66 77.69 77.73 77.76 77.80 77.84 77.88 77.93 77.98 78.03 78.08 78.14 78.20 78.27 78.34 78.41 78.49 78.57 78.66 78.75 78.85 78.96 79.06 79.18 79.30 79.42 79.55 79.69 79.84 79.99 80.15 80.31 80.49 80.67 80.86 81.05 81.26 81.47 81.69 81.92 82.16 82.41 82.66 82.92 83.20 83.48 83.77 84.07 84.38 84.70 85.03 85.36 85.71 86.07 86.43 86.80 87.18 87.57 87.97 88.38 88.80 89.22 89.65 90.09 90.54 90.99 91.45 91.92 92.39 92.87 93.36 93.85 94.34 94.84 95.34 95.85 96.36 96.88 97.39 97.91 98.43 98.95 99.48 
99.43 98.85 98.28 97.71 97.14 96.57 96.01 95.45 94.89 94.34 93.79 93.25 92.71 92.18 91.66 91.14 90.62 90.12 89.62 89.13 88.65 88.18 87.71 87.26 86.81 86.37 85.94 85.52 85.12 84.72 84.33 83.95 83.58 83.22 82.87 82.53 82.20 81.88 81.57 81.27 80.98 80.70 80.43 80.17 79.92 79.68 79.44 79.22 79.00 78.80 78.60 78.41 78.23 78.05 77.89 77.73 77.58 77.43 77.29 77.16 77.04 76.92 76.80 76.70 76.60 76.50 76.41 76.32 76.24 76.17 76.09 76.02 75.96 75.90 75.84 75.79 75.74 75.69 75.65 75.61 75.57 75.53 75.50 75.47 75.44 75.41 75.39 75.36 75.34 75.32 75.30 75.28 75.27 75.25 75.24 75.22 75.21 75.20 75.19 75.18 75.17 75.17 75.16 75.15 75.15 75.14 75.14 75.13 75.13 75.12 75.12 75.12 75.11 75.11 75.11 75.11 75.10 75.10 75.10 75.10 75.10 75.10 75.10 75.10 75.10 75.10 75.10 75.10 75.10 75.10 75.10 75.10 75.10 75.10 75.10 75.10 75.10 75.10 75.10 75.10 75.11 75.11 75.11 75.11 75.12 75.12 75.12 75.13 75.13 75.14 75.14 75.15 75.15 75.16 75.17 75.17 75.18 75.19 75.20 75.21 75.22 75.24 75.25 75.27 75.28 75.30 75.32 75.34 75.36 75.39 75.41 75.44 75.47 75.50 75.53 75.57 75.61 75.65 75.69 75.74 75.79 75.84 75.90 75.96 76.02 76.09 76.17 76.24 76.32 76.41 76.50 76.60 76.70 76.80 76.92 77.04 77.16 77.29 77.43 77.58 77.73 77.89 78.05 78.23 78.41 78.60 78.80 79.00 79.22 79.44 79.68 79.92 80.17 80.43 80.70 80.98 81.27 81.57 81.88 82.20 82.53 82.87 83.22 83.58 83.95 84.33 84.72 85.12 85.52 85.94 86.37 86.81 87.26 87.71 88.18 88.65 89.13 89.62 90.12 90.62 91.14 91.66 92.18 92.71 93.25 93.79 94.34 94.89 95.45 96.01 96.57 97.14 97.71 98.28 98.85 99.43 
99.38 98.75 98.13 97.51 96.89 96.27 95.66 95.05 94.45 93.85 93.25 92.66 92.07 91.50 90.93 90.36 89.80 89.25 88.71 88.18 87.66 87.14 86.64 86.14 85.66 85.18 84.71 84.26 83.81 83.38 82.96 82.54 82.14 81.75 81.37 81.00 80.64 80.30 79.96 79.63 79.32 79.01 78.72 78.44 78.16 77.90 77.65 77.40 77.17 76.94 76.73 76.52 76.32 76.13 75.95 75.78 75.61 75.46 75.31 75.16 75.03 74.90 74.78 74.66 74.55 74.44 74.35 74.25 74.16 74.08 74.00 73.93 73.86 73.79 73.73 73.67 73.62 73.57 73.52 73.47 73.43 73.39 73.36 73.32 73.29 73.26 73.23 73.21 73.18 73.16 73.14 73.12 73.10 73.09 73.07 73.06 73.04 73.03 73.02 73.01 73.00 72.99 72.99 72.98 72.97 72.97 72.96 72.96 72.95 72.95 72.94 72.94 72.94 72.93 72.93 72.93 72.93 72.93 72.92 72.92 72.92 72.92 72.92 72.92 72.92 72.92 72.92 72.92 72.92 72.92 72.92 72.92 72.92 72.92 72.92 72.92 72.92 72.92 72.93 72.93 72.93 72.93 72.93 72.94 72.94 72.94 72.95 72.95 72.96 72.96 72.97 72.97 72.98 72.99 72.99 73.00 73.01 73.02 73.03 73.04 73.06 73.07 73.09 73.10 73.12 73.14 73.16 73.18 73.21 73.23 73.26 73.29 73.32 73.36 73.39 73.43 73.47 73.52 73.57 73.62 73.67 73.73 73.79 73.86 73.93 74.00 74.08 74.16 74.25 74.35 74.44 74.55 74.66 74.78 74.90 75.03 75.16 75.31 75.46 75.61 75.78 75.95 76.13 76.32 76.52 76.73 76.94 77.17 77.40 77.65 77.90 78.16 78.44 78.72 79.01 79.32 79.63 79.96 80.30 80.64 81.00 81.37 81.75 82.14 82.54 82.96 83.38 83.81 84.26 84.71 85.18 85.66 86.14 86.64 87.14 87.66 88.18 88.71 89.25 89.80 90.36 90.93 91.50 92.07 92.66 93.25 93.85 94.45 95.05 95.66 96.27 96.89 97.51 98.13 98.75 99.38 
99.33 98.65 97.98 97.31 96.64 95.98 95.32 94.66 94.00 93.36 92.71 92.07 91.44 90.82 90.20 89.59 88.99 88.40 87.81 87.24 86.67 86.12 85.57 85.04 84.51 84.00 83.50 83.00 82.52 82.06 81.60 81.15 80.72 80.30 79.89 79.49 79.10 78.73 78.36 78.01 77.67 77.34 77.02 76.72 76.42 76.14 75.86 75.60 75.35 75.11 74.87 74.65 74.44 74.23 74.04 73.85 73.67 73.50 73.34 73.18 73.04 72.90 72.77 72.64 72.52 72.41 72.30 72.20 72.11 72.02 71.93 71.85 71.78 71.70 71.64 71.57 71.52 71.46 71.41 71.36 71.32 71.27 71.23 71.20 71.16 71.13 71.10 71.07 71.05 71.02 71.00 70.98 70.96 70.94 70.93 70.91 70.90 70.88 70.87 70.86 70.85 70.84 70.83 70.83 70.82 70.81 70.81 70.80 70.80 70.79 70.79 70.78 70.78 70.78 70.78 70.77 70.77 70.77 70.77 70.77 70.76 70.76 70.76 70.76 70.76 70.76 70.76 70.76 70.76 70.76 70.76 70.76 70.76 70.76 70.76 70.76 70.77 70.77 70.77 70.77 70.77 70.78 70.78 70.78 70.78 70.79 70.79 70.80 70.80 70.81 70.81 70.82 70.83 70.83 70.84 70.85 70.86 70.87 70.88 70.90 70.91 70.93 70.94 70.96 70.98 71.00 71.02 71.05 71.07 71.10 71.13 71.16 71.20 71.23 71.27 71.32 71.36 71.41 71.46 71.52 71.57 71.64 71.70 71.78 71.85 71.93 72.02 72.11 72.20 72.30 72.41 72.52 72.64 72.77 72.90 73.04 73.18 73.34 73.50 73.67 73.85 74.04 74.23 74.44 74.65 74.87 75.11 75.35 75.60 75.86 76.14 76.42 76.72 77.02 77.34 77.67 78.01 78.36 78.73 79.10 79.49 79.89 80.30 80.72 81.15 81.60 82.06 82.52 83.00 83.50 84.00 84.51 85.04 85.57 86.12 86.67 87.24 87.81 88.40 88.99 89.59 90.20 90.82 91.44 92.07 92.71 93.36 94.00 94.66 95.32 95.98 96.64 97.31 97.98 98.65 99.33 
99.28 98.56 97.83 97.12 96.40 95.68 94.97 94.27 93.57 92.87 92.18 91.50 90.82 90.15 89.49 88.83 88.19 87.55 86.93 86.31 85.70 85.11 84.52 83.95 83.38 82.83 82.29 81.76 81.25 80.75 80.26 79.78 79.31 78.86 78.42 77.99 77.58 77.17 76.78 76.41 76.04 75.69 75.35 75.02 74.70 74.40 74.10 73.82 73.55 73.29 73.04 72.80 72.57 72.35 72.14 71.94 71.75 71.57 71.39 71.23 71.07 70.92 70.78 70.64 70.52 70.40 70.28 70.17 70.07 69.97 69.88 69.80 69.72 69.64 69.57 69.50 69.44 69.38 69.32 69.27 69.22 69.18 69.13 69.09 69.06 69.02 68.99 68.96 68.93 68.91 68.88 68.86 68.84 68.82 68.80 68.79 68.77 68.76 68.75 68.74 68.72 68.72 68.71 68.70 68.69 68.68 68.68 68.67 68.67 68.66 68.66 68.65 68.65 68.65 68.64 68.64 68.64 68.64 68.63 68.63 68.63 68.63 68.63 68.63 68.63 68.63 68.63 68.63 68.63 68.63 68.63 68.63 68.63 68.63 68.63 68.63 68.63 68.63 68.64 68.64 68.64 68.64 68.65 68.65 68.65 68.66 68.66 68.67 68.67 68.68 68.68 68.69 68.70 68.71 68.72 68.72 68.74 68.75 68.76 68.77 68.79 68.80 68.82 68.84 68.86 68.88 68.91 68.93 68.96 68.99 69.02 69.06 69.09 69.13 69.18 69.22 69.27 69.32 69.38 69.44 69.50 69.57 69.64 69.72 69.80 69.88 69.97 70.07 70.17 70.28 70.40 70.52 70.64 70.78 70.92 71.07 71.23 71.39 71.57 71.75 71.94 72.14 72.35 72.57 72.80 73.04 73.29 73.55 73.82 74.10 74.40 74.70 75.02 75.35 75.69 76.04 76.41 76.78 77.17 77.58 77.99 78.42 78.86 79.31 79.78 80.26 80.75 81.25 81.76 82.29 82.83 83.38 83.95 84.52 85.11 85.70 86.31 86.93 87.55 88.19 88.83 89.49 90.15 90.82 91.50 92.18 92.87 93.57 94.27 94.97 95.68 96.40 97.12 97.83 98.56 99.28 
99.23 98.46 97.69 96.92 96.16 95.39 94.64 93.88 93.13 92.39 91.66 90.93 90.20 89.49 88.78 88.08 87.39 86.71 86.05 85.39 84.74 84.10 83.48 82.87 82.27 81.68 81.10 80.54 79.99 79.45 78.93 78.42 77.92 77.44 76.97 76.51 76.07 75.64 75.22 74.82 74.43 74.05 73.69 73.34 73.00 72.68 72.36 72.06 71.77 71.49 71.23 70.97 70.73 70.49 70.27 70.05 69.85 69.66 69.47 69.29 69.13 68.97 68.81 68.67 68.53 68.41 68.28 68.17 68.06 67.96 67.86 67.77 67.68 67.60 67.52 67.45 67.38 67.32 67.26 67.20 67.15 67.10 67.06 67.02 66.98 66.94 66.91 66.87 66.85 66.82 66.79 66.77 66.75 66.73 66.71 66.69 66.67 66.66 66.65 66.63 66.62 66.61 66.60 66.59 66.59 66.58 66.57 66.57 66.56 66.55 66.55 66.55 66.54 66.54 66.53 66.53 66.53 66.53 66.53 66.52 66.52 66.52 66.52 66.52 66.52 66.52 66.52 66.52 66.52 66.52 66.52 66.52 66.52 66.52 66.52 66.52 66.52 66.53 66.53 66.53 66.53 66.53 66.54 66.54 66.55 66.55 66.55 66.56 66.57 66.57 66.58 66.59 66.59 66.60 66.61 66.62 66.63 66.65 66.66 66.67 66.69 66.71 66.73 66.75 66.77 66.79 66.82 66.85 66.87 66.91 66.94 66.98 67.02 67.06 67.10 67.15 67.20 67.26 67.32 67.38 67.45 67.52 67.60 67.68 67.77 67.86 67.96 68.06 68.17 68.28 68.41 68.53 68.67 68.81 68.97 69.13 69.29 69.47 69.66 69.85 70.05 70.27 70.49 70.73 70.97 71.23 71.49 71.77 72.06 72.36 72.68 73.00 73.34 73.69 74.05 74.43 74.82 75.22 75.64 76.07 76.51 76.97 77.44 77.92 78.42 78.93 79.45 79.99 80.54 81.10 81.68 82.27 82.87 83.48 84.10 84.74 85.39 86.05 86.71 87.39 88.08 88.78 89.49 90.20 90.93 91.66 92.39 93.13 93.88 94.64 95.39 96.16 96.92 97.69 98.46 99.23 
99.18 98.36 97.54 96.73 95.92 95.11 94.30 93.50 92.71 91.92 91.14 90.36 89.59 88.83 88.08 87.34 86.61 85.89 85.18 84.48 83.79 83.12 82.45 81.80 81.16 80.54 79.93 79.33 78.74 78.17 77.62 77.08 76.55 76.03 75.53 75.05 74.58 74.12 73.68 73.25 72.84 72.44 72.05 71.68 71.32 70.98 70.64 70.32 70.02 69.72 69.44 69.17 68.91 68.66 68.42 68.19 67.98 67.77 67.57 67.38 67.21 67.04 66.87 66.72 66.58 66.44 66.31 66.19 66.07 65.96 65.86 65.76 65.67 65.58 65.50 65.43 65.35 65.29 65.22 65.16 65.11 65.06 65.01 64.97 64.92 64.88 64.85 64.81 64.78 64.75 64.73 64.70 64.68 64.66 64.64 64.62 64.60 64.59 64.57 64.56 64.55 64.54 64.52 64.52 64.51 64.50 64.49 64.49 64.48 64.47 64.47 64.46 64.46 64.46 64.45 64.45 64.45 64.45 64.44 64.44 64.44 64.44 64.44 64.44 64.44 64.44 64.43 64.43 64.43 64.43 64.44 64.44 64.44 64.44 64.44 64.44 64.44 64.44 64.45 64.45 64.45 64.45 64.46 64.46 64.46 64.47 64.47 64.48 64.49 64.49 64.50 64.51 64.52 64.52 64.54 64.55 64.56 64.57 64.59 64.60 64.62 64.64 64.66 64.68 64.70 64.73 64.75 64.78 64.81 64.85 64.88 64.92 64.97 65.01 65.06 65.11 65.16 65.22 65.29 65.35 65.43 65.50 65.58 65.67 65.76 65.86 65.96 66.07 66.19 66.31 66.44 66.58 66.72 66.87 67.04 67.21 67.38 67.57 67.77 67.98 68.19 68.42 68.66 68.91 69.17 69.44 69.72 70.02 70.32 70.64 70.98 71.32 71.68 72.05 72.44 72.84 73.25 73.68 74.12 74.58 75.05 75.53 76.03 76.55 77.08 77.62 78.17 78.74 79.33 79.93 80.54 81.16 81.80 82.45 83.12 83.79 84.48 85.18 85.89 86.61 87.34 88.08 88.83 89.59 90.36 91.14 91.92 92.71 93.50 94.30 95.11 95.92 96.73 97.54 98.36 99.18 
99.13 98.27 97.40 96.54 95.68 94.83 93.97 93.13 92.29 91.45 90.62 89.80 88.99 88.19 87.39 86.61 85.84 85.07 84.32 83.58 82.85 82.14 81.44 80.75 80.07 79.41 78.77 78.13 77.52 76.91 76.32 75.75 75.19 74.65 74.12 73.61 73.11 72.63 72.16 71.71 71.27 70.85 70.44 70.04 69.67 69.30 68.95 68.61 68.28 67.97 67.67 67.38 67.11 66.85 66.59 66.35 66.12 65.91 65.70 65.50 65.31 65.13 64.96 64.80 64.65 64.50 64.36 64.23 64.11 63.99 63.89 63.78 63.69 63.59 63.51 63.43 63.35 63.28 63.21 63.15 63.09 63.04 62.99 62.94 62.90 62.85 62.82 62.78 62.75 62.72 62.69 62.66 62.64 62.61 62.59 62.57 62.56 62.54 62.52 62.51 62.50 62.49 62.47 62.46 62.46 62.45 62.44 62.43 62.43 62.42 62.42 62.41 62.41 62.40 62.40 62.40 62.39 62.39 62.39 62.39 62.38 62.38 62.38 62.38 62.38 62.38 62.38 62.38 62.38 62.38 62.38 62.38 62.38 62.38 62.38 62.38 62.39 62.39 62.39 62.39 62.40 62.40 62.40 62.41 62.41 62.42 62.42 62.43 62.43 62.44 62.45 62.46 62.46 62.47 62.49 62.50 62.51 62.52 62.54 62.56 62.57 62.59 62.61 62.64 62.66 62.69 62.72 62.75 62.78 62.82 62.85 62.90 62.94 62.99 63.04 63.09 63.15 63.21 63.28 63.35 63.43 63.51 63.59 63.69 63.78 63.89 63.99 64.11 64.23 64.36 64.50 64.65 64.80 64.96 65.13 65.31 65.50 65.70 65.91 66.12 66.35 66.59 66.85 67.11 67.38 67.67 67.97 68.28 68.61 68.95 69.30 69.67 70.04 70.44 70.85 71.27 71.71 72.16 72.63 73.11 73.61 74.12 74.65 75.19 75.75 76.32 76.91 77.52 78.13 78.77 79.41 80.07 80.75 81.44 82.14 82.85 83.58 84.32 85.07 85.84 86.61 87.39 88.19 88.99 89.80 90.62 91.45 92.29 93.13 93.97 94.83 95.68 96.54 97.40 98.27 99.13 
99.09 98.17 97.26 96.35 95.45 94.55 93.65 92.76 91.87 90.99 90.12 89.25 88.40 87.55 86.71 85.89 85.07 84.27 83.48 82.70 81.93 81.18 80.44 79.71 79.00 78.30 77.62 76.96 76.30 75.67 75.05 74.44 73.86 73.28 72.73 72.19 71.66 71.15 70.66 70.18 69.72 69.28 68.85 68.43 68.03 67.65 67.27 66.92 66.57 66.25 65.93 65.63 65.34 65.06 64.79 64.54 64.30 64.07 63.85 63.64 63.44 63.25 63.07 62.90 62.74 62.59 62.44 62.31 62.18 62.06 61.94 61.83 61.73 61.63 61.54 61.46 61.38 61.30 61.23 61.17 61.11 61.05 60.99 60.94 60.90 60.85 60.81 60.78 60.74 60.71 60.68 60.65 60.62 60.60 60.58 60.56 60.54 60.52 60.51 60.49 60.48 60.47 60.45 60.44 60.43 60.42 60.42 60.41 60.40 60.40 60.39 60.39 60.38 60.38 60.37 60.37 60.37 60.36 60.36 60.36 60.36 60.36 60.36 60.35 60.35 60.35 60.35 60.35 60.35 60.35 60.35 60.35 60.35 60.36 60.36 60.36 60.36 60.36 60.36 60.37 60.37 60.37 60.38 60.38 60.39 60.39 60.40 60.40 60.41 60.42 60.42 60.43 60.44 60.45 60.47 60.48 60.49 60.51 60.52 60.54 60.56 60.58 60.60 60.62 60.65 60.68 60.71 60.74 60.78 60.81 60.85 60.90 60.94 60.99 61.05 61.11 61.17 61.23 61.30 61.38 61.46 61.54 61.63 61.73 61.83 61.94 62.06 62.18 62.31 62.44 62.59 62.74 62.90 63.07 63.25 63.44 63.64 63.85 64.07 64.30 64.54 64.79 65.06 65.34 65.63 65.93 66.25 66.57 66.92 67.27 67.65 68.03 68.43 68.85 69.28 69.72 70.18 70.66 71.15 71.66 72.19 72.73 73.28 73.86 74.44 75.05 75.67 76.30 76.96 77.62 78.30 79.00 79.71 80.44 81.18 81.93 82.70 83.48 84.27 85.07 85.89 86.71 87.55 88.40 89.25 90.12 90.99 91.87 92.76 93.65 94.55 95.45 96.35 97.26 98.17 99.09 
99.04 98.08 97.13 96.17 95.22 94.27 93.33 92.39 91.46 90.54 89.62 88.71 87.81 86.93 86.05 85.18 84.32 83.48 82.65 81.83 81.02 80.23 79.45 78.69 77.94 77.21 76.50 75.80 75.11 74.44 73.79 73.16 72.54 71.94 71.35 70.79 70.24 69.70 69.18 68.68 68.20 67.73 67.28 66.84 66.42 66.02 65.63 65.25 64.89 64.55 64.21 63.90 63.59 63.30 63.02 62.76 62.50 62.26 62.03 61.81 61.60 61.40 61.21 61.04 60.87 60.70 60.55 60.41 60.27 60.14 60.02 59.91 59.80 59.70 59.61 59.52 59.43 59.35 59.28 59.21 59.15 59.09 59.03 58.98 58.93 58.88 58.84 58.80 58.76 58.73 58.70 58.67 58.64 58.62 58.59 58.57 58.55 58.53 58.52 58.50 58.49 58.47 58.46 58.45 58.44 58.43 58.42 58.42 58.41 58.40 58.40 58.39 58.39 58.38 58.38 58.38 58.37 58.37 58.37 58.36 58.36 58.36 58.36 58.36 58.36 58.36 58.36 58.36 58.36 58.36 58.36 58.36 58.36 58.36 58.36 58.36 58.36 58.37 58.37 58.37 58.38 58.38 58.38 58.39 58.39 58.40 58.40 58.41 58.42 58.42 58.43 58.44 58.45 58.46 58.47 58.49 58.50 58.52 58.53 58.55 58.57 58.59 58.62 58.64 58.67 58.70 58.73 58.76 58.80 58.84 58.88 58.93 58.98 59.03 59.09 59.15 59.21 59.28 59.35 59.43 59.52 59.61 59.70 59.80 59.91 60.02 60.14 60.27 60.41 60.55 60.70 60.87 61.04 61.21 61.40 61.60 61.81 62.03 62.26 62.50 62.76 63.02 63.30 63.59 63.90 64.21 64.55 64.89 65.25 65.63 66.02 66.42 66.84 67.28 67.73 68.20 68.68 69.18 69.70 70.24 70.79 71.35 71.94 72.54 73.16 73.79 74.44 75.11 75.80 76.50 77.21 77.94 78.69 79.45 80.23 81.02 81.83 82.65 83.48 84.32 85.18 86.05 86.93 87.81 88.71 89.62 90.54 91.46 92.39 93.33 94.27 95.22 96.17 97.13 98.08 99.04 
99.00 97.99 96.99 95.99 94.99 94.00 93.01 92.03 91.06 90.09 89.13 88.18 87.24 86.31 85.39 84.48 83.58 82.70 81.83 80.97 80.13 79.30 78.48 77.68 76.90 76.14 75.39 74.65 73.94 73.24 72.56 71.89 71.24 70.61 70.00 69.41 68.83 68.27 67.73 67.21 66.70 66.21 65.73 65.28 64.84 64.41 64.00 63.61 63.24 62.87 62.53 62.19 61.87 61.57 61.28 61.00 60.73 60.48 60.24 60.01 59.79 59.58 59.38 59.20 59.02 58.85 58.69 58.54 58.40 58.26 58.14 58.02 57.91 57.80 57.70 57.61 57.52 57.44 57.36 57.29 57.22 57.16 57.10 57.04 56.99 56.94 56.90 56.86 56.82 56.78 56.75 56.72 56.69 56.66 56.64 56.62 56.60 56.58 56.56 56.54 56.53 56.52 56.50 56.49 56.48 56.47 56.46 56.45 56.45 56.44 56.43 56.43 56.42 56.42 56.41 56.41 56.41 56.41 56.40 56.40 56.40 56.40 56.40 56.39 56.39 56.39 56.39 56.39 56.39 56.39 56.39 56.39 56.39 56.40 56.40 56.40 56.40 56.40 56.41 56.41 56.41 56.41 56.42 56.42 56.43 56.43 56.44 56.45 56.45 56.46 56.47 56.48 56.49 56.50 56.52 56.53 56.54 56.56 56.58 56.60 56.62 56.64 56.66 56.69 56.72 56.75 56.78 56.82 56.86 56.90 56.94 56.99 57.04 57.10 57.16 57.22 57.29 57.36 57.44 57.52 57.61 57.70 57.80 57.91 58.02 58.14 58.26 58.40 58.54 58.69 58.85 59.02 59.20 59.38 59.58 59.79 60.01 60.24 60.48 60.73 61.00 61.28 61.57 61.87 62.19 62.53 62.87 63.24 63.61 64.00 64.41 64.84 65.28 65.73 66.21 66.70 67.21 67.73 68.27 68.83 69.41 70.00 70.61 71.24 71.89 72.56 73.24 73.94 74.65 75.39 76.14 76.90 77.68 78.48 79.30 80.13 80.97 81.83 82.70 83.58 84.48 85.39 86.31 87.24 88.18 89.13 90.09 91.06 92.03 93.01 94.00 94.99 95.99 96.99 97.99 99.00 
98.95 97.90 96.86 95.81 94.77 93.74 92.71 91.68 90.66 89.65 88.65 87.66 86.67 85.70 84.74 83.79 82.85 81.93 81.02 80.13 79.24 78.38 77.53 76.70 75.88 75.08 74.30 73.53 72.78 72.05 71.34 70.65 69.97 69.31 68.67 68.05 67.45 66.87 66.30 65.75 65.22 64.71 64.22 63.74 63.28 62.84 62.41 62.00 61.61 61.23 60.87 60.52 60.18 59.87 59.56 59.27 58.99 58.73 58.48 58.24 58.01 57.79 57.58 57.39 57.20 57.03 56.86 56.70 56.56 56.41 56.28 56.16 56.04 55.93 55.83 55.73 55.64 55.55 55.47 55.39 55.32 55.26 55.20 55.14 55.09 55.04 54.99 54.95 54.91 54.87 54.83 54.80 54.77 54.74 54.72 54.70 54.67 54.65 54.64 54.62 54.60 54.59 54.58 54.56 54.55 54.54 54.53 54.52 54.52 54.51 54.50 54.50 54.49 54.49 54.48 54.48 54.48 54.47 54.47 54.47 54.47 54.46 54.46 54.46 54.46 54.46 54.46 54.46 54.46 54.46 54.46 54.46 54.46 54.46 54.46 54.47 54.47 54.47 54.47 54.48 54.48 54.48 54.49 54.49 54.50 54.50 54.51 54.52 54.52 54.53 54.54 54.55 54.56 54.58 54.59 54.60 54.62 54.64 54.65 54.67 54.70 54.72 54.74 54.77 54.80 54.83 54.87 54.91 54.95 54.99 55.04 55.09 55.14 55.20 55.26 55.32 55.39 55.47 55.55 55.64 55.73 55.83 55.93 56.04 56.16 56.28 56.41 56.56 56.70 56.86 57.03 57.20 57.39 57.58 57.79 58.01 58.24 58.48 58.73 58.99 59.27 59.56 59.87 60.18 60.52 60.87 61.23 61.61 62.00 62.41 62.84 63.28 63.74 64.22 64.71 65.22 65.75 66.30 66.87 67.45 68.05 68.67 69.31 69.97 70.65 71.34 72.05 72.78 73.53 74.30 75.08 75.88 76.70 77.53 78.38 79.24 80.13 81.02 81.93 82.85 83.79 84.74 85.70 86.67 87.66 88.65 89.65 90.66 91.68 92.71 93.74 94.77 95.81 96.86 97.90 98.95 
98.91 97.82 96.73 95.64 94.55 93.47 92.40 91.33 90.27 89.22 88.18 87.14 86.12 85.11 84.10 83.12 82.14 81.18 80.23 79.30 78.38 77.48 76.59 75.72 74.87 74.04 73.22 72.43 71.65 70.89 70.14 69.42 68.72 68.03 67.37 66.72 66.09 65.48 64.89 64.32 63.77 63.24 62.72 62.23 61.75 61.29 60.84 60.42 60.01 59.61 59.23 58.87 58.52 58.19 57.88 57.57 57.28 57.01 56.74 56.49 56.26 56.03 55.82 55.61 55.42 55.24 55.06 54.90 54.74 54.60 54.46 54.33 54.21 54.09 53.98 53.88 53.79 53.70 53.61 53.53 53.46 53.39 53.33 53.27 53.21 53.16 53.11 53.07 53.03 52.99 52.95 52.92 52.89 52.86 52.83 52.81 52.78 52.76 52.74 52.73 52.71 52.69 52.68 52.67 52.66 52.65 52.64 52.63 52.62 52.61 52.61 52.60 52.59 52.59 52.59 52.58 52.58 52.58 52.57 52.57 52.57 52.57 52.56 52.56 52.56 52.56 52.56 52.56 52.56 52.56 52.56 52.56 52.56 52.56 52.57 52.57 52.57 52.57 52.58 52.58 52.58 52.59 52.59 52.59 52.60 52.61 52.61 52.62 52.63 52.64 52.65 52.66 52.67 52.68 52.69 52.71 52.73 52.74 52.76 52.78 52.81 52.83 52.86 52.89 52.92 52.95 52.99 53.03 53.07 53.11 53.16 53.21 53.27 53.33 53.39 53.46 53.53 53.61 53.70 53.79 53.88 53.98 54.09 54.21 54.33 54.46 54.60 54.74 54.90 55.06 55.24 55.42 55.61 55.82 56.03 56.26 56.49 56.74 57.01 57.28 57.57 57.88 58.19 58.52 58.87 59.23 59.61 60.01 60.42 60.84 61.29 61.75 62.23 62.72 63.24 63.77 64.32 64.89 65.48 66.09 66.72 67.37 68.03 68.72 69.42 70.14 70.89 71.65 72.43 73.22 74.04 74.87 75.72 76.59 77.48 78.38 79.30 80.23 81.18 82.14 83.12 84.10 85.11 86.12 87.14 88.18 89.22 90.27 91.33 92.40 93.47 94.55 95.64 96.73 97.82 98.91 
98.86 97.73 96.60 95.47 94.34 93.22 92.10 90.99 89.89 88.80 87.71 86.64 85.57 84.52 83.48 82.45 81.44 80.44 79.45 78.48 77.53 76.59 75.67 74.77 73.89 73.02 72.17 71.34 70.53 69.74 68.97 68.22 67.49 66.78 66.08 65.41 64.76 64.13 63.52 62.92 62.35 61.79 61.26 60.74 60.24 59.76 59.30 58.86 58.43 58.02 57.63 57.25 56.89 56.55 56.22 55.91 55.60 55.32 55.04 54.78 54.54 54.30 54.08 53.87 53.67 53.48 53.30 53.13 52.97 52.81 52.67 52.53 52.41 52.29 52.18 52.07 51.97 51.88 51.79 51.71 51.63 51.56 51.49 51.43 51.37 51.32 51.27 51.22 51.18 51.14 51.10 51.07 51.03 51.00 50.98 50.95 50.93 50.91 50.89 50.87 50.85 50.84 50.82 50.81 50.80 50.79 50.78 50.77 50.76 50.75 50.74 50.74 50.73 50.73 50.72 50.72 50.71 50.71 50.71 50.71 50.70 50.70 50.70 50.70 50.70 50.70 50.70 50.70 50.70 50.70 50.70 50.70 50.70 50.70 50.70 50.70 50.71 50.71 50.71 50.71 50.72 50.72 50.73 50.73 50.74 50.74 50.75 50.76 50.77 50.78 50.79 50.80 50.81 50.82 50.84 50.85 50.87 50.89 50.91 50.93 50.95 50.98 51.00 51.03 51.07 51.10 51.14 51.18 51.22 51.27 51.32 51.37 51.43 51.49 51.56 51.63 51.71 51.79 51.88 51.97 52.07 52.18 52.29 52.41 52.53 52.67 52.81 52.97 53.13 53.30 53.48 53.67 53.87 54.08 54.30 54.54 54.78 55.04 55.32 55.60 55.91 56.22 56.55 56.89 57.25 57.63 58.02 58.43 58.86 59.30 59.76 60.24 60.74 61.26 61.79 62.35 62.92 63.52 64.13 64.76 65.41 66.08 66.78 67.49 68.22 68.97 69.74 70.53 71.34 72.17 73.02 73.89 74.77 75.67 76.59 77.53 78.48 79.45 80.44 81.44 82.45 83.48 84.52 85.57 86.64 87.71 88.80 89.89 90.99 92.10 93.22 94.34 95.47 96.60 97.73 98.86 
98.82 97.65 96.47 95.30 94.13 92.97 91.81 90.66 89.52 88.38 87.26 86.14 85.04 83.95 82.87 81.80 80.75 79.71 78.69 77.68 76.70 75.72 74.77 73.83 72.92 72.02 71.14 70.28 69.44 68.62 67.82 67.04 66.28 65.54 64.83 64.13 63.45 62.80 62.16 61.55 60.95 60.38 59.82 59.29 58.77 58.27 57.79 57.33 56.89 56.47 56.06 55.67 55.30 54.94 54.60 54.27 53.96 53.66 53.38 53.11 52.85 52.61 52.38 52.16 51.95 51.75 51.56 51.39 51.22 51.06 50.91 50.77 50.64 50.52 50.40 50.29 50.19 50.09 50.00 49.92 49.84 49.76 49.69 49.63 49.57 49.51 49.46 49.41 49.37 49.33 49.29 49.25 49.22 49.19 49.16 49.13 49.11 49.09 49.06 49.05 49.03 49.01 49.00 48.98 48.97 48.96 48.95 48.94 48.93 48.92 48.92 48.91 48.90 48.90 48.89 48.89 48.89 48.88 48.88 48.88 48.87 48.87 48.87 48.87 48.87 48.87 48.87 48.87 48.87 48.87 48.87 48.87 48.87 48.87 48.87 48.87 48.88 48.88 48.88 48.89 48.89 48.89 48.90 48.90 48.91 48.92 48.92 48.93 48.94 48.95 48.96 48.97 48.98 49.00 49.01 49.03 49.05 49.06 49.09 49.11 49.13 49.16 49.19 49.22 49.25 49.29 49.33 49.37 49.41 49.46 49.51 49.57 49.63 49.69 49.76 49.84 49.92 50.00 50.09 50.19 50.29 50.40 50.52 50.64 50.77 50.91 51.06 51.22 51.39 51.56 51.75 51.95 52.16 52.38 52.61 52.85 53.11 53.38 53.66 53.96 54.27 54.60 54.94 55.30 55.67 56.06 56.47 56.89 57.33 57.79 58.27 58.77 59.29 59.82 60.38 60.95 61.55 62.16 62.80 63.45 64.13 64.83 65.54 66.28 67.04 67.82 68.62 69.44 70.28 71.14 72.02 72.92 73.83 74.77 75.72 76.70 77.68 78.69 79.71 80.75 81.80 82.87 83.95 85.04 86.14 87.26 88.38 89.52 90.66 91.81 92.97 94.13 95.30 96.47 97.65 98.82 
98.78 97.56 96.35 95.13 93.92 92.72 91.52 90.33 89.15 87.97 86.81 85.66 84.51 83.38 82.27 81.16 80.07 79.00 77.94 76.90 75.88 74.87 73.89 72.92 71.97 71.04 70.13 69.24 68.37 67.52 66.69 65.89 65.10 64.34 63.59 62.87 62.17 61.49 60.84 60.20 59.58 58.99 58.41 57.86 57.32 56.81 56.31 55.84 55.38 54.94 54.52 54.11 53.73 53.36 53.00 52.67 52.34 52.04 51.74 51.46 51.20 50.95 50.71 50.48 50.26 50.06 49.87 49.68 49.51 49.35 49.19 49.05 48.91 48.78 48.66 48.55 48.44 48.34 48.25 48.16 48.08 48.00 47.93 47.86 47.80 47.74 47.69 47.64 47.59 47.55 47.51 47.47 47.44 47.41 47.38 47.35 47.32 47.30 47.28 47.26 47.24 47.22 47.21 47.20 47.18 47.17 47.16 47.15 47.14 47.13 47.13 47.12 47.11 47.11 47.10 47.10 47.09 47.09 47.09 47.08 47.08 47.08 47.08 47.08 47.08 47.08 47.07 47.07 47.07 47.07 47.08 47.08 47.08 47.08 47.08 47.08 47.08 47.09 47.09 47.09 47.10 47.10 47.11 47.11 47.12 47.13 47.13 47.14 47.15 47.16 47.17 47.18 47.20 47.21 47.22 47.24 47.26 47.28 47.30 47.32 47.35 47.38 47.41 47.44 47.47 47.51 47.55 47.59 47.64 47.69 47.74 47.80 47.86 47.93 48.00 48.08 48.16 48.25 48.34 48.44 48.55 48.66 48.78 48.91 49.05 49.19 49.35 49.51 49.68 49.87 50.06 50.26 50.48 50.71 50.95 51.20 51.46 51.74 52.04 52.34 52.67 53.00 53.36 53.73 54.11 54.52 54.94 55.38 55.84 56.31 56.81 57.32 57.86 58.41 58.99 59.58 60.20 60.84 61.49 62.17 62.87 63.59 64.34 65.10 65.89 66.69 67.52 68.37 69.24 70.13 71.04 71.97 72.92 73.89 74.87 75.88 76.90 77.94 79.00 80.07 81.16 82.27 83.38 84.51 85.66 86.81 87.97 89.15 90.33 91.52 92.72 93.92 95.13 96.35 97.56 98.78 
98.74 97.48 96.23 94.97 93.72 92.48 91.24 90.01 88.79 87.57 86.37 85.18 84.00 82.83 81.68 80.54 79.41 78.30 77.21 76.14 75.08 74.04 73.02 72.02 71.04 70.08 69.14 68.22 67.32 66.44 65.59 64.75 63.94 63.15 62.39 61.64 60.92 60.22 59.54 58.88 58.24 57.63 57.03 56.46 55.91 55.38 54.86 54.37 53.90 53.45 53.01 52.59 52.19 51.81 51.44 51.10 50.76 50.44 50.14 49.85 49.58 49.32 49.07 48.84 48.61 48.40 48.20 48.01 47.84 47.67 47.51 47.36 47.22 47.08 46.96 46.84 46.73 46.63 46.53 46.44 46.36 46.28 46.20 46.13 46.07 46.01 45.95 45.90 45.85 45.81 45.77 45.73 45.69 45.66 45.63 45.60 45.58 45.55 45.53 45.51 45.49 45.47 45.46 45.44 45.43 45.42 45.41 45.40 45.39 45.38 45.37 45.36 45.36 45.35 45.35 45.34 45.34 45.34 45.33 45.33 45.33 45.32 45.32 45.32 45.32 45.32 45.32 45.32 45.32 45.32 45.32 45.32 45.32 45.32 45.32 45.33 45.33 45.33 45.34 45.34 45.34 45.35 45.35 45.36 45.36 45.37 45.38 45.39 45.40 45.41 45.42 45.43 45.44 45.46 45.47 45.49 45.51 45.53 45.55 45.58 45.60 45.63 45.66 45.69 45.73 45.77 45.81 45.85 45.90 45.95 46.01 46.07 46.13 46.20 46.28 46.36 46.44 46.53 46.63 46.73 46.84 46.96 47.08 47.22 47.36 47.51 47.67 47.84 48.01 48.20 48.40 48.61 48.84 49.07 49.32 49.58 49.85 50.14 50.44 50.76 51.10 51.44 51.81 52.19 52.59 53.01 53.45 53.90 54.37 54.86 55.38 55.91 56.46 57.03 57.63 58.24 58.88 59.54 60.22 60.92 61.64 62.39 63.15 63.94 64.75 65.59 66.44 67.32 68.22 69.14 70.08 71.04 72.02 73.02 74.04 75.08 76.14 77.21 78.30 79.41 80.54 81.68 82.83 84.00 85.18 86.37 87.57 88.79 90.01 91.24 92.48 93.72 94.97 96.23 97.48 98.74 
